"parameterized_poses":
[
    {"name":"",
    "pose_with_joint_angles":
        {
            "joint_angles":[-0.15113634244987234,0.09885586139670245,-0.07942204919212642,-1.8918376228722356,0.15240767180068152,1.4510077297385318,0.6105879196753943],
            "pose":[
                0.8761186531042114,-0.014254440905398569,-0.4818847189616987,0,
                -0.13565034955260413,-0.9664668745004703,-0.21803836573182953,0,
                -0.46261761903974286,0.25639531865726467,-0.8486733052975326,0,
                0.4614817527877574,-0.0739094179465904,0.334711367335189,1
                ]
        }
    },
    {"name":"",
    "pose_with_joint_angles":
        {
            "joint_angles":[-0.0977365235170995,-0.547786969893693,0.10284878427257174,-2.525464718317553,0.08375733664206095,2.0030672737189703,0.7763446440815673],
            "pose":[
                0.9991179424866932,-0.0346362984681165,0.02374088458845664,0,
                -0.03408744998315516,-0.9991507811359079,-0.02314580049617334,0,
                0.0245224090750491,0.0223161191168275,-0.9994501699838365,0,
                0.3849518037541415,0.010591014591015219,0.3603808445032045,1
            ]
        }
    },
    {"name":"",
    "pose_with_joint_angles":
        {
            "joint_angles":[-0.09384916118888337,-0.5571634534109117,-0.33659999410450026,-2.5547077052187834,0.08379902628773735,2.008144744770867,0.3870544849022078],
            "pose":[
                0.996729760734763,-0.028153522521054575,0.07574383807767442,0,
                -0.009399596602160165,-0.9713755280436325,-0.23736300653878073,0,
                0.08025831820613227,0.23587481926530446,-0.968463562554257,0,
                0.35433862756819984,-0.1307343165253786,0.3445545231233847,1
            ]
        }
    },
    {"name":"",
    "pose_with_joint_angles":
        {
            "joint_angles":[-0.26010655067092603,-0.8810228098398999,-0.3367524304554599,-2.4738309706560857,0.08319035874094281,1.7047042131854253,0.3919402037760804],
            "pose":[
                0.971147532450039,-0.13065839124345907,0.1995014305345445,0,
                -0.07150219039115491,-0.9575987583738341,-0.27909141961302986,0,
                0.2275079658574412,0.2567741630047887,-0.9393120645901445,0,
                0.2663148109376371,-0.15837911482206804,0.46435970742247984,1
            ]
        }
    },
    {"name":"",
    "pose_with_joint_angles":
        {
            "joint_angles":[-0.20652059554576518,-0.4798812448952038,-0.11836186727023777,-2.7306061060357445,0.3241670781288828,2.314440289794943,0.4423352404139155],
            "pose":[
                0.9726520172275661,-0.19840151962440644,0.12076777784380593,0,
                -0.15948257544749117,-0.9484864518054481,-0.2737493829063454,0,
                0.1688589004441564,0.24700254171159441,-0.9541888786444759,0,
                0.37390225697666796,-0.08513932817916231,0.27430289763653803,1
            ]
        }
    },
    {"name":"",
    "pose_with_joint_angles":
        {
            "joint_angles":[-0.20849504095756569,0.08882684869935446,-0.043718823910274034,-2.1537075368029,0.31994341586096575,1.9273543061188285,0.4432653832638687],
            "pose":[
                0.9743099679422771,-0.02972468761877578,-0.22324089026373062,0,
                -0.10574528257645954,-0.9355683112357869,-0.33694188815833004,0,
                -0.19884161713768383,0.3518925233182794,-0.9146768081277479,0,
                0.4836210338935377,-0.07083333045064968,0.2452407395387583,1
            ]
        }
    },
    {"name":"",
    "pose_with_joint_angles":
        {
            "joint_angles":[-0.17302018367504332,-0.11888806976196771,0.4419084500242725,-2.287464580203928,-0.06064156031399941,2.002503495090266,1.0355107619975725],
            "pose":[
                0.9885373240290002,0.030812208945263153,-0.14779895991838077,0,
                0.05193315400888954,-0.9886108436828789,0.14124982491590304,0,
                -0.1417634401939275,-0.14730639513180968,-0.9788789266184321,0,
                0.44697832296008616,0.1094804460281657,0.28222296424566934,1
            ]
        }
    },
    {"name":"",
    "pose_with_joint_angles":
        {
            "joint_angles":[-0.17480975530554094,-0.48036052136597596,0.4246403261220999,-2.34050534068087,0.05293134818119662,1.8382509826359403,0.9236339093045818],
            "pose":[
                0.9983744174848311,0.04451119509587814,-0.0355983397705485,0,
                0.04929264641715936,-0.9878734646847691,0.14722845700598067,0,
                -0.028613341652091923,-0.14874386646716958,-0.9884617032884468,0,
                0.3919016468530146,0.10351134219065228,0.39106026047468484,1
            ]
        }
    },
    {"name":"",
    "pose_with_joint_angles":
        {
            "joint_angles":[-0.16312773032193856,-0.20809232895355484,0.7133217753963441,-2.2925799417727917,-0.10630247687661838,1.8466080110072758,0.21653176528965024],
            "pose":[
                0.4014363460173589,0.8415351938113234,-0.36147938176973204,0,
                0.9076311857510222,-0.4183957840470773,0.033919969270074846,0,
                -0.12269660563835916,-0.3417066801171297,-0.9317628924399995,0,
                0.3774128329528757,0.19838269135767722,0.29981813479908126,1
            ]
        }
    },
    {"name":"",
    "pose_with_joint_angles":
        {
            "joint_angles":[-0.13028343976853593,-0.7444213720748466,0.41942148633219517,-2.3599653375101277,0.23607077521108033,1.5816605666364942,-0.27858196728069085],
            "pose":[
                0.3336557171252474,0.9396803660954631,-0.07533019166171975,0,
                0.9403086745780573,-0.3374290111148328,-0.04428571714200213,0,
                -0.06703301327074405,-0.056057451884487006,-0.9961747523502403,0,
                0.30021249717269416,0.14163622555113162,0.44628963272930483,1
            ]
        }
    },
    {"name":"",
    "pose_with_joint_angles":
        {
            "joint_angles":[-0.3259719683496648,-0.1392603543019788,0.455032758585617,-2.1466451936808784,0.05587321116343018,1.8428975918974195,0.6342634570443403],
            "pose":[
                0.9531189117246458,0.24594092779380566,-0.17628773615940246,0,
                0.2470482064209102,-0.9688712409116367,-0.015989621947220214,0,
                -0.17473262612787807,-0.028311558932023338,-0.9842088015239927,0,
                0.46848115833695797,0.06955931395299798,0.3409159033340379,1
            ]
        }
    },
    {"name":"",
    "pose_with_joint_angles":
        {
            "joint_angles":[-0.47105871512957387,-0.12564315235868137,0.4920871322109615,-2.0404870493425737,0.12234805949245181,1.6945338184152328,-0.6651963630520872],
            "pose":[
                0.14159281337920515,0.989555909386008,0.027028562115858426,0,
                0.9624953426725164,-0.1312352676329136,-0.23744470016088182,0,
                -0.23141771353467266,0.059635330314639974,-0.9710249580935846,0,
                0.472256502824911,0.03498243401274913,0.37348178577063307,1
            ]
        }
    },
    {"name":"",
    "pose_with_joint_angles":
        {
            "joint_angles":[-0.912863998710534,-0.032449647826449754,0.37512499577661035,-2.118127126111135,0.3640440018669988,1.846040623835155,1.6047987599249136],
            "pose":[
                0.06744158960644808,-0.9177783592283255,-0.39132401037372627,0,
                -0.997682909189514,-0.06556028253683033,-0.018183174538493774,0,
                -0.008967188896979561,0.39164359270572324,-0.9200733045881937,0,
                0.45198517539183775,-0.19583317105256645,0.31737627264681334,1
            ]
        }
    },
    {"name":"",
    "pose_with_joint_angles":
        {
            "joint_angles":[-0.9578524564124611,-0.43637219390788695,0.19413221009065562,-2.494229305439578,0.6004497441593154,1.995236488352418,1.3858917494534575],
            "pose":[
                -0.027796666319443775,-0.941460890678445,-0.33597425859123903,0,
                -0.9482312768494077,0.13120549750090005,-0.28921018101294643,0,
                0.3163617551842841,0.31054223194410857,-0.8963697685865416,0,
                0.35160112986978,-0.22321686469074914,0.3459012483971698,1
            ]
        }
    },
    {"name":"",
    "pose_with_joint_angles":
        {
            "joint_angles":[-0.9795363557955492,0.02115423414679044,0.4645555466821006,-2.1612563219313565,0.3932153712704091,1.8879290631498582,0.8974837843232921],
            "pose":[
                0.68721821775393,-0.6404217905765016,-0.34291546642482895,0,
                -0.7257856273705897,-0.6254793048163804,-0.2863753273593158,0,
                -0.03108552868981429,0.4456854742659539,-0.8946497347757985,0,
                0.4521936215354078,-0.1794419346902007,0.2799256299345202,1
            ]
        }
    }
]